0.0 0.0
0.003367003367 0.171084908981
0.013468013468 0.680051309396
0.016835016835 0.785339790956
0.020202020202 0.844619607292
0.023569023569 0.867658660478
0.026936026936 0.865744346766
0.030303030303 0.847397000568
0.03367003367 0.820445190831
0.037037037037 0.792717486507
0.040404040404 0.772042456543
0.043771043771 0.764564899832
0.047138047138 0.769694535029
0.0505050505051 0.785157310733
0.0538720538721 0.808679175542
0.0572390572391 0.837986078052
0.0606060606061 0.870707373683
0.0639730639731 0.904086045135
0.0673400673401 0.93526848193
0.0707070707071 0.961401073587
0.0740740740741 0.980280822453
0.0774410774411 0.992307182168
0.0808080808081 0.998530219195
0.0841750841751 1.0
0.0875420875421 0.997766591047
0.0909090909091 0.992880058799
0.0942760942761 0.986390469722
0.0976430976431 0.97934789028
0.10101010101 0.972802386937
0.104377104377 0.967594623286
0.107744107744 0.963727651434
0.111111111111 0.960995120617
0.114478114478 0.95919068007
0.117845117845 0.95810797903
0.121212121212 0.957540666732
0.124579124579 0.957282392412
0.127946127946 0.957126805306
0.131313131313 0.956867554649
0.13468013468 0.956334994786
0.138047138047 0.955506300501
0.141414141414 0.954395351684
0.144781144781 0.953016028228
0.148148148148 0.951382210024
0.151515151515 0.949507776965
0.154882154882 0.947406608942
0.158249158249 0.945092585847
0.161616161616 0.942579587572
0.164983164983 0.939881494009
0.16835016835 0.93701218505
0.171717171717 0.933985540587
0.175084175084 0.930815440511
0.178451178451 0.927515764714
0.181818181818 0.924100393089
0.185185185185 0.920583205526
0.188552188552 0.916978081919
0.191919191919 0.913298902159
0.195286195286 0.909559546137
0.198653198653 0.905773893746
0.20202020202 0.901955824877
0.205387205387 0.898119219422
0.208754208754 0.894277957274
0.212121212121 0.890445918324
0.215488215488 0.886636982463
0.218855218855 0.882865029584
0.222222222222 0.879143939579
0.225589225589 0.87548759234
0.228956228956 0.871909867758
0.232323232323 0.868424645725
0.23569023569 0.865045806133
0.239057239057 0.861787228874
0.242424242424 0.858662793841
0.245791245791 0.855686380923
0.249158249158 0.852871870015
0.252525252525 0.850233141006
0.255892255892 0.847784073791
0.259259259259 0.845535082024
0.262626262626 0.843482714425
0.265993265993 0.841620053478
0.26936026936 0.839940181665
0.272727272727 0.83843618147
0.276094276094 0.837101135376
0.279461279461 0.835928125868
0.282828282828 0.834910235427
0.286195286195 0.834040546539
0.289562289562 0.833312141686
0.292929292929 0.832718103353
0.296296296296 0.832251514021
0.299663299663 0.831905456175
0.30303030303 0.831673012298
0.306397306397 0.831547264875
0.309764309764 0.831521296387
0.313131313131 0.831588189319
0.316498316498 0.831741026154
0.319865319865 0.831972889375
0.323232323232 0.832276861467
0.326599326599 0.832646024912
0.329966329966 0.833073462194
0.333333333333 0.833552255797
0.3367003367 0.834075488204
0.340067340067 0.834636241897
0.343434343434 0.835227599362
0.346801346801 0.835842643081
0.350168350168 0.836474455538
0.353535353535 0.837116119216
0.356902356902 0.837760716599
0.360269360269 0.83840133017
0.363636363636 0.839031042413
0.367003367003 0.83964293581
0.37037037037 0.840230092847
0.373737373737 0.840785596005
0.377104377104 0.841302527769
0.380471380471 0.841773970621
0.383838383838 0.842189332792
0.387205387205 0.842523325492
0.390572390572 0.842746985677
0.393939393939 0.842831350305
0.397306397306 0.842747456331
0.400673400673 0.842466340713
0.40404040404 0.841959040407
0.407407407407 0.841196592369
0.410774410774 0.840150033557
0.414141414141 0.838790400926
0.417508417508 0.837088731433
0.420875420875 0.835016062036
0.424242424242 0.832543429689
0.427609427609 0.829641871351
0.430976430976 0.826282423978
0.434343434343 0.822436124526
0.43771043771 0.818074009951
0.441077441077 0.813167117211
0.444444444444 0.807686483263
0.447811447811 0.801617645386
0.451178451178 0.795004142166
0.454545454545 0.787904012511
0.457912457912 0.780375295328
0.461279461279 0.772476029526
0.464646464646 0.764264254014
0.468013468013 0.755798007699
0.47138047138 0.747135329491
0.474747474747 0.738334258298
0.478114478114 0.729452833028
0.481481481481 0.720549092589
0.484848484848 0.71168107589
0.488215488215 0.702906821839
0.491582491582 0.694284369345
0.494949494949 0.685871757316
0.498316498316 0.67772702466
0.501683501684 0.669908210286
0.505050505051 0.662473353103
0.508417508418 0.655468120285
0.511784511785 0.648888692076
0.515151515152 0.642718876988
0.518518518519 0.63694248353
0.521885521886 0.631543320215
0.525252525253 0.626505195551
0.52861952862 0.621811918052
0.531986531987 0.617447296226
0.535353535354 0.613395138585
0.538720538721 0.609639253641
0.542087542088 0.606163449902
0.545454545455 0.602951535882
0.548821548822 0.599987320089
0.552188552189 0.597254611035
0.555555555556 0.594737217231
0.558922558923 0.592418947188
0.56228956229 0.590283609416
0.565656565657 0.588315012426
0.569023569024 0.58649696473
0.572390572391 0.584813274837
0.575757575758 0.583247751258
0.579124579125 0.581784202505
0.582491582492 0.580406437088
0.585858585859 0.579098263519
0.589225589226 0.577843490307
0.592592592593 0.576625925963
0.59595959596 0.575429378999
0.599326599327 0.574237657925
0.602693602694 0.573034571252
0.606060606061 0.571803927491
0.609427609428 0.570529535153
0.612794612795 0.569195202748
0.616161616162 0.567784738787
0.619528619529 0.566281951781
0.622895622896 0.564670650241
0.626262626263 0.562934642678
0.62962962963 0.561057737601
0.632996632997 0.559027853362
0.636363636364 0.556849347661
0.639730639731 0.554530688039
0.643097643098 0.552080342037
0.646464646465 0.549506777195
0.649831649832 0.546818461054
0.653198653199 0.544023861153
0.656565656566 0.541131445034
0.659932659933 0.538149680237
0.6632996633 0.535087034303
0.666666666667 0.531951974771
0.670033670034 0.528752969183
0.673400673401 0.525498485079
0.676767676768 0.522196989999
0.680134680135 0.518856951484
0.683501683502 0.515486837074
0.686868686869 0.51209511431
0.690235690236 0.508690250732
0.693602693603 0.505280713881
0.69696969697 0.501874971298
0.700336700337 0.498481490522
0.703703703704 0.495108739094
0.707070707071 0.491765184554
0.710437710438 0.488459294444
0.713804713805 0.485199536303
0.717171717172 0.481994377673
0.720538720539 0.478852286092
0.723905723906 0.475781729103
0.727272727273 0.472791174245
0.73063973064 0.46988908906
0.734006734007 0.467083941086
0.737373737374 0.464384197866
0.740740740741 0.461798326939
0.744107744108 0.459334795845
0.747474747475 0.457002072126
0.750841750842 0.454808623322
0.754208754209 0.452762916973
0.757575757576 0.45088181331
0.760942760943 0.449215743321
0.76430976431 0.447823530686
0.767676767677 0.446763999085
0.771043771044 0.446095972195
0.774410774411 0.445878273697
0.777777777778 0.44616972727
0.781144781145 0.447029156592
0.784511784512 0.448515385342
0.787878787879 0.450687237201
0.791245791246 0.453340337494
0.794612794613 0.45521751814
0.79797979798 0.454798412706
0.801346801347 0.450562654757
0.804713804714 0.44098987786
0.808080808081 0.425692091791
0.811447811448 0.408810811169
0.814814814815 0.395619926824
0.818181818182 0.391393329584
0.821548821549 0.39961161461
0.824915824916 0.416582194383
0.828282828283 0.436819185713
0.83164983165 0.454836705412
0.835016835017 0.465148870292
0.838383838384 0.463846067551
0.841750841751 0.453323765934
0.845117845118 0.437553704575
0.848484848485 0.420507622605
0.851851851852 0.405647706802
0.855218855219 0.394397934522
0.858585858586 0.387672730765
0.861952861953 0.3856176323
0.86531986532 0.38530262298
0.868686868687 0.383848202472
0.872053872054 0.381652486627
0.875420875421 0.379644620384
0.878787878788 0.377600248837
0.882154882155 0.375138697837
0.885521885522 0.372407516119
0.888888888889 0.369686308135
0.892255892256 0.367254678337
0.895622895623 0.365392231179
0.89898989899 0.364448873612
0.902356902357 0.365055722586
0.905723905724 0.367914197549
0.909090909091 0.373725717949
0.912457912458 0.382864308766
0.915824915825 0.394394417096
0.919191919192 0.407053095566
0.922558922559 0.419577396802
0.925925925926 0.430704373431
0.929292929293 0.43917107808
0.93265993266 0.443714563376
0.936026936027 0.443071881945
0.939393939394 0.435980086414
0.942760942761 0.421691824709
0.946127946128 0.40152212595
0.949494949495 0.37730161456
0.952861952862 0.350860914958
0.956228956229 0.324030651565
0.959595959596 0.298641448801
0.962962962963 0.276523931086
0.96632996633 0.259508722843
0.969696969697 0.24942644849
0.973063973064 0.2472513188
0.976430976431 0.250531889954
0.979797979798 0.255960304482
0.983164983165 0.260228704916
0.986531986532 0.260029233787
0.989898989899 0.252054033628
0.993265993266 0.23299524697
0.996632996633 0.199545016344
1.0 0.148395484281
